Rows ID Numbers to Check
133
138
144
151
152
153
155
158
159
166
167
168
170
173
182
185
188
193
198
203
210
211
212
245
249
273
316
330
344
358
366
370
379
396
407
427
433
450
490
494
498
499
501
508
523
530
532
554
567
570
591
629
633
680
722
733
854
934
1001
1035
1078
1123
1199
1209
1237----20/01/2020
1253
1267
1275
1278
1297
1309
1323
1344
1359
1361
1363
1365
1388
1402
1416
1423
1439
1454
1467
1477
1500
1516
1533
1560
1566
1593
1602
1621
1627
1655
1660
1664
1717
1722
1730
1747
1768
1803
1823
1885
1887
1896
1897
1962
1987
2015
2017
2039
2058
2060
2072
2076
2089
2098
2103
2124
2128
2134
2162
2172
2179
2187
2211
2226
2232
2237
2257
2275
2300
2316
2320
2345
2352
2356
2378
2391
2392
2393
2394
2395
2396
2399
2417
2427
2473












